51521,2967,9476,26620
51521,2967,9476,38537
51521,2967,9476,34459
51521,2967,9476,37343
51521,2967,9476,7027
51521,2967,9476,35098
51521,2967,9476,9106
51521,2967,9476,28605
51521,2967,9476,30348
51521,2967,9476,33694
51521,2967,9477,29609
51521,2967,9477,30087
51521,2967,9478,36619
51521,2967,9478,27191
51521,2967,9478,34133
51521,2967,9478,37381
51521,2967,9478,41547
51521,2967,9478,39936
51823,2979,9521,26620
51823,2979,9521,31713
51823,2979,9521,35348
51823,2979,9521,27935
51823,2979,9521,39936
51823,2979,9521,38537
51823,2979,9521,41547
51823,2979,9521,27191
51823,2979,9521,37343
51823,2979,9521,36651
51823,2979,9523,29609
51945,2982,9529,12858
51945,2982,9529,38537
51945,2982,9529,27779
51945,2982,9529,31713
51945,2982,9529,35098
51945,2982,9529,35541
51945,2982,9529,9106
51945,2982,9529,35019
51945,2982,9529,27191
51945,2982,9529,29609
51945,2982,9531,41547
51945,2982,9531,30348
51945,2982,9531,39936
51945,2982,9531,28605
51945,2982,9531,37381
51945,2982,9531,30087
52455,3002,9591,28349
52455,3002,9591,38537
52455,3002,9591,39936
52455,3002,9591,35098
52455,3002,9591,41547
52455,3002,9591,28605
52455,3002,9591,36651
52455,3002,9591,30087
52455,3002,9591,31713
52455,3002,9591,39169
52455,3002,9592,37381
52530,3004,9600,26620
52530,3004,9600,7270
52530,3004,9600,7027
52530,3004,9601,35541
52530,3004,9601,27779
52530,3004,9602,35019
52530,3004,9602,37343
52530,3004,9602,39936
52530,3004,9602,33694
52530,3004,9602,39030
52530,3004,9602,27191
52530,3004,9602,30348
52530,3004,9602,28351
52530,3004,9602,35098
52530,3004,9602,30087
52530,3004,9603,29609
52530,3004,9603,9106
52530,3004,9603,37381
52133,2990,9557,38537
52133,2990,9558,36619
52133,2990,9558,35541
52133,2990,9558,39936
52133,2990,9558,27779
52133,2990,9558,12858
52133,2990,9558,35098
52133,2990,9558,30348
52133,2990,9558,36651
52133,2990,9558,26620
52133,2990,9558,30087
52133,2990,9559,33694
52106,2988,9545,33694
52106,2988,9545,29609
52106,2988,9545,9106
52106,2988,9545,35098
52106,2988,9545,36619
52106,2988,9545,12858
52106,2988,9545,35348
52106,2988,9545,38537
52106,2988,9545,30087
52106,2988,9545,35019
52106,2988,9547,34459
52106,2988,9547,35541
52106,2988,9547,27779
52106,2988,9547,39030
51933,2981,9526,39936
51933,2981,9526,27779
51933,2981,9526,31713
51933,2981,9526,35098
51933,2981,9526,33694
51933,2981,9526,28605
51933,2981,9526,9106
51933,2981,9526,35019
51933,2981,9526,38537
51933,2981,9526,27191
51933,2981,9528,35348
51933,2981,9528,35541
51933,2981,9528,36651
51726,2975,9504,38537
51726,2975,9504,30087
51726,2975,9505,26620
51726,2975,9505,35541
51726,2975,9505,29609
51726,2975,9505,7027
51726,2975,9505,9106
51726,2975,9505,37381
51726,2975,9505,35098
51726,2975,9505,41547
51726,2975,9506,37343
51523,2968,9479,26620
51523,2968,9479,38537
51523,2968,9479,36619
51523,2968,9479,34133
51523,2968,9479,7027
51523,2968,9479,37343
51523,2968,9479,35098
51523,2968,9479,27779
51523,2968,9479,37381
51523,2968,9479,35019
51523,2968,9480,34459
51523,2968,9480,27191
51523,2968,9480,30348
51523,2968,9480,39030
51523,2968,9480,29609
51523,2968,9480,7270
51523,2968,9480,35541
51523,2968,9480,30087
51523,2968,9480,12858
51187,2917,9353,35098
51187,2917,9353,27779
51187,2917,9353,30348
51187,2917,9353,41547
51187,2917,9355,33694
51187,2917,9355,37343
51187,2917,9355,29609
51187,2917,9355,39936
51187,2917,9355,35348
51187,2917,9355,38537
51187,2917,9355,31713
51187,2917,9355,7027
51187,2917,9355,9106
50814,2737,8719,41547
50814,2737,8719,34133
50814,2737,8719,28349
50814,2737,8719,35019
50814,2737,8719,35541
50814,2737,8719,38537
50814,2737,8719,35098
50814,2737,8719,26620
50814,2737,8719,36651
50814,2737,8719,9106
50814,2737,8720,35348
50814,2737,8720,28351
50814,2737,8720,41593
50814,2737,8720,39936
50814,2737,8720,34660
50814,2737,8720,37381
50814,2738,8721,41547
50814,2738,8721,34133
50814,2738,8721,28349
50814,2738,8721,35019
50814,2738,8721,35541
50814,2738,8721,38537
50814,2738,8721,35098
50814,2738,8721,26620
50814,2738,8721,36651
50814,2738,8721,9106
50814,2738,8722,36619
50814,2738,8722,35348
50814,2738,8722,28351
50814,2738,8722,39936
50814,2738,8722,37381
50814,2738,8722,34459
50814,2739,8723,36619
50814,2739,8723,41547
50814,2739,8723,34133
50814,2739,8723,28349
50814,2739,8723,35019
50814,2739,8723,35541
50814,2739,8723,38537
50814,2739,8723,35098
50814,2739,8723,28351
50814,2739,8723,36651
50814,2739,8724,26620
50814,2739,8724,9106
50814,2739,8724,33694
50814,2739,8724,35348
50814,2739,8724,29609
50814,2739,8724,39169
51032,2878,9240,41547
51032,2878,9240,34133
51032,2878,9240,35541
51032,2878,9240,35098
51032,2878,9240,38537
51032,2878,9240,30348
51032,2878,9240,37343
51032,2878,9240,7270
51032,2878,9240,27191
51032,2878,9240,33694
51032,2878,9241,35348
51032,2878,9241,37381
51032,2878,9241,28349
51032,2878,9241,35019
51032,2878,9241,28351
51032,2878,9241,26620
51032,2878,9241,36651
51032,2878,9241,9106
51032,2878,9241,41593
51032,2878,9241,27779
51033,2879,9242,36619
51033,2879,9242,41547
51033,2879,9242,34133
51033,2879,9242,28349
51033,2879,9242,35019
51033,2879,9242,35541
51033,2879,9242,38537
51033,2879,9242,35098
51033,2879,9242,26620
51033,2879,9242,36651
51033,2879,9243,28351
51033,2879,9243,9106
51033,2879,9243,39936
51033,2879,9243,28605
51033,2879,9243,37381
51033,2879,9243,33694
51035,2883,9250,36619
51035,2883,9250,26620
51035,2883,9250,28351
51035,2883,9250,36651
51035,2883,9250,32590
51035,2883,9250,35019
51035,2883,9250,38537
51035,2883,9250,28349
51035,2883,9250,34459
51035,2883,9250,35541
51035,2884,9252,36619
51035,2884,9252,26620
51035,2884,9252,28351
51035,2884,9252,36651
51035,2884,9252,32590
51035,2884,9252,35019
51035,2884,9252,28349
51035,2884,9252,38537
51035,2884,9252,35541
51035,2884,9252,34459
51035,2885,9254,36619
51035,2885,9254,26620
51035,2885,9254,28351
51035,2885,9254,36651
51035,2885,9254,35019
51035,2885,9254,32590
51035,2885,9254,28349
51035,2885,9254,38537
51035,2885,9254,35541
51035,2885,9254,34459
51035,2885,9255,34660
51035,2885,9255,12858
51035,2886,9256,36619
51035,2886,9256,26620
51035,2886,9256,28351
51035,2886,9256,36651
51035,2886,9256,32590
51035,2886,9256,35019
51035,2886,9256,28349
51035,2886,9256,35541
51035,2886,9256,38537
51035,2886,9256,34459
51035,2886,9257,12858
51035,2887,9258,36619
51035,2887,9258,26620
51035,2887,9258,28351
51035,2887,9258,36651
51035,2887,9258,32590
51035,2887,9258,35019
51035,2887,9258,28349
51035,2887,9258,35541
51035,2887,9258,38537
51035,2887,9258,34459
51035,2887,9259,12858
51035,2888,9260,36619
51035,2888,9260,26620
51035,2888,9260,28351
51035,2888,9260,36651
51035,2888,9260,35019
51035,2888,9260,28349
51035,2888,9260,35541
51035,2888,9260,34459
51035,2888,9260,9106
51035,2888,9260,39936
51035,2888,9261,32590
51035,2888,9261,38537
51035,2888,9261,30348
51035,2888,9261,7027
51035,2888,9262,28605
51035,2889,9263,36619
51035,2889,9263,26620
51035,2889,9263,28351
51035,2889,9263,36651
51035,2889,9263,35019
51035,2889,9263,32590
51035,2889,9263,28349
51035,2889,9263,35541
51035,2889,9263,38537
51035,2889,9263,34459
51035,2889,9264,39936
51035,2889,9264,34660
51035,2890,9265,36619
51035,2890,9265,26620
51035,2890,9265,28351
51035,2890,9265,36651
51035,2890,9265,32590
51035,2890,9265,35019
51035,2890,9265,28349
51035,2890,9265,35541
51035,2890,9265,38537
51035,2890,9265,9106
51035,2890,9266,34459
51035,2890,9266,39936
51035,2890,9266,7270
51031,2877,9238,38537
51031,2877,9238,37381
51031,2877,9238,41547
51031,2877,9238,28349
51031,2877,9238,35019
51031,2877,9238,35541
51031,2877,9238,35098
51031,2877,9238,28351
51031,2877,9238,26620
51031,2877,9238,36651
51031,2877,9239,34133
51031,2877,9239,37343
51031,2877,9239,9106
51031,2877,9239,33694
50846,2753,8770,36619
50846,2753,8770,34133
50846,2753,8770,41547
50846,2753,8770,28349
50846,2753,8770,35019
50846,2753,8770,35541
50846,2753,8770,38537
50846,2753,8770,35098
50846,2753,8770,28351
50846,2753,8770,26620
50817,2740,8725,36619
50817,2740,8725,34133
50817,2740,8725,35348
50817,2740,8725,41547
50817,2740,8725,28349
50817,2740,8725,35019
50817,2740,8725,38537
50817,2740,8725,35098
50817,2740,8725,28351
50817,2740,8725,26620
50817,2740,8726,35541
50817,2740,8726,7027
50812,2735,8711,34133
50812,2735,8711,28349
50812,2735,8711,35019
50812,2735,8711,35541
50812,2735,8711,27779
50812,2735,8711,30348
50812,2735,8711,28605
50812,2735,8711,33694
50812,2735,8711,34660
50812,2735,8711,35098
50812,2735,8712,41547
50812,2735,8712,28351
50812,2735,8712,26620
50812,2735,8712,36651
50812,2735,8712,9106
50812,2735,8713,36619
50812,2735,8713,38537
50812,2735,8713,30087
50812,2735,8713,29609
50812,2735,8713,39169
50812,2735,8714,39936
50812,2735,8714,7270
50812,2735,8714,35348
50812,2735,8714,12858
50812,2736,8715,34133
50812,2736,8715,41547
50812,2736,8715,28349
50812,2736,8715,35019
50812,2736,8715,35541
50812,2736,8715,38537
50812,2736,8715,28351
50812,2736,8715,26620
50812,2736,8715,9106
50812,2736,8715,27779
50812,2736,8716,36651
50812,2736,8716,34660
50812,2736,8716,30087
50812,2736,8716,29609
50812,2736,8717,36619
50812,2736,8717,7270
50812,2736,8717,39169
50812,2736,8717,12858
50812,2736,8718,35348
50800,2726,8670,38537
50800,2726,8670,26620
50800,2726,8670,30348
50800,2726,8670,28605
50800,2726,8670,37381
50800,2726,8671,36619
50800,2726,8671,34133
50800,2726,8671,41547
50800,2726,8671,28349
50800,2726,8671,35019
50800,2726,8671,35098
50800,2726,8671,28351
50800,2726,8671,36651
50800,2726,8671,9106
50800,2726,8671,27779
50800,2726,8672,35541
50800,2726,8672,33694
50800,2726,8672,27191
50800,2726,8672,37343
50800,2727,8675,34133
50800,2727,8675,38537
50800,2727,8676,36619
50800,2727,8676,41547
50800,2727,8676,35019
50800,2727,8676,35541
50800,2727,8676,35098
50800,2727,8676,28351
50800,2727,8676,26620
50800,2727,8676,36651
50800,2727,8676,27779
50800,2727,8676,30348
50800,2727,8677,28349
50800,2727,8677,9106
50800,2727,8677,33694
50800,2727,8677,34660
50800,2727,8677,37343
50800,2728,8680,41547
50800,2728,8680,28605
50800,2728,8681,34133
50800,2728,8681,38537
50800,2728,8681,35098
50800,2728,8681,26620
50800,2728,8681,27779
50800,2728,8681,39936
50800,2728,8681,30087
50800,2728,8681,29609
50800,2728,8681,35348
50800,2728,8681,39169
50800,2728,8682,36619
50800,2728,8682,28349
50800,2728,8682,35019
50800,2728,8682,35541
50800,2728,8682,28351
50800,2728,8682,36651
50800,2728,8682,9106
50800,2728,8682,30348
50800,2728,8682,33694
50800,2728,8682,34660
50800,2729,8685,28349
50800,2729,8685,38537
50800,2729,8685,26620
50800,2729,8685,30348
50800,2729,8685,37381
50800,2729,8686,36619
50800,2729,8686,34133
50800,2729,8686,41547
50800,2729,8686,35019
50800,2729,8686,35541
50800,2729,8686,35098
50800,2729,8686,28351
50800,2729,8686,36651
50800,2729,8686,9106
50800,2729,8686,28605
50800,2729,8687,27779
50800,2729,8687,33694
50800,2729,8687,37343
50800,2730,8691,36619
50800,2730,8691,34133
50800,2730,8691,41547
50800,2730,8691,35019
50800,2730,8691,35541
50800,2730,8691,35098
50800,2730,8691,28351
50800,2730,8691,26620
50800,2730,8691,36651
50800,2730,8691,9106
50800,2730,8692,28349
50800,2730,8692,38537
50800,2730,8692,33694
50800,2730,8692,34660
50800,2730,8692,37343
50800,2731,8696,34133
50800,2731,8696,41547
50800,2731,8696,38537
50800,2731,8696,35098
50800,2731,8696,26620
50800,2731,8696,36651
50800,2731,8696,9106
50800,2731,8696,27779
50800,2731,8696,39936
50800,2731,8696,29609
50800,2731,8697,36619
50800,2731,8697,28349
50800,2731,8697,35019
50800,2731,8697,35541
50800,2731,8697,28351
50800,2731,8697,30348
50800,2731,8697,28605
50800,2731,8697,33694
50800,2731,8697,34660
50800,2731,8697,30087
50800,2732,8701,34133
50800,2732,8701,41547
50800,2732,8701,28349
50800,2732,8701,35019
50800,2732,8701,35541
50800,2732,8701,38537
50800,2732,8701,35098
50800,2732,8701,28351
50800,2732,8701,26620
50800,2732,8701,36651
50800,2732,8702,36619
50800,2732,8702,27779
50800,2732,8702,33694
50800,2732,8702,34660
50800,2732,8702,37343
50800,2733,8705,38537
50800,2733,8706,36619
50800,2733,8706,34133
50800,2733,8706,41547
50800,2733,8706,35019
50800,2733,8706,35541
50800,2733,8706,35098
50800,2733,8706,28351
50800,2733,8706,26620
50800,2733,8706,36651
50800,2733,8706,9106
50800,2733,8707,28349
50800,2733,8707,33694
50800,2733,8707,37343
50800,2733,8707,39169
